0 0 16279 5642 3120 11467 0 5653 0 0 0 0 1785 2207 0 1847 2958 0 1195 0 0 0 723 0 843 0 0 0 0 0 0 1957 0 0 0 613 1107 0 25310 274 233 207 324 1324 0 0 675 0 0 962 0 237 185 0 0 0 0 0 1153 0 0 4967 0 0 0 0 1314
0 0 0 0 0 0 0 0 0 0 0 0 0 0 0 0 0 0 0 0 0 0 0 0 0 0 0 0 0 0 0 0 0 0 0 0 0 0 0 0 0 0 0 0 0 0 0 0 0 0 0 0 0 0 0 0 0 0 0 0 0 0 0 0 0 0 0
16279 0 0 15190 769 1050 0 634 0 0 0 0 436 528 0 576 808 0 293 0 0 0 154 0 137 0 0 0 0 0 0 573 0 0 0 438 348 0 1212 60 103 73 138 413 0 0 187 0 0 274 0 81 1035 0 0 0 0 0 447 0 0 575 0 0 0 0 271
5642 0 15190 0 8021 1952 0 1455 0 0 0 0 2279 1504 0 2350 2124 0 1321 0 0 0 367 0 273 0 0 0 0 0 0 1562 0 0 0 7931 2199 0 13138 336 550 249 459 2165 0 0 602 0 0 805 0 263 128 0 0 0 0 0 1146 0 0 1715 0 0 0 0 812
3120 0 769 8021 0 6157 0 1031 0 0 0 0 1904 751 0 1205 947 0 639 0 0 0 149 0 117 0 0 0 0 0 0 583 0 0 0 1582 776 0 955 107 186 98 162 1681 0 0 218 0 0 418 0 154 117 0 0 0 0 0 347 0 0 735 0 0 0 0 310
11467 0 1050 1952 6157 0 0 14197 0 0 0 0 1560 2354 0 1224 2620 0 731 0 0 0 310 0 227 0 0 0 0 0 0 778 0 0 0 297 629 0 1212 148 203 130 183 1083 0 0 318 0 0 525 0 153 141 0 0 0 0 0 577 0 0 1188 0 0 0 0 503
0 0 0 0 0 0 0 0 0 0 0 0 0 0 0 0 0 0 0 0 0 0 0 0 0 0 0 0 0 0 0 0 0 0 0 0 0 0 0 0 0 0 0 0 0 0 0 0 0 0 0 0 0 0 0 0 0 0 0 0 0 0 0 0 0 0 0
5653 0 634 1455 1031 14197 0 0 0 0 0 0 3829 13156 0 1757 5229 0 875 0 0 0 515 0 352 0 0 0 0 0 0 1194 0 0 0 280 771 0 1273 229 292 121 346 994 0 0 411 0 0 654 0 178 149 0 0 0 0 0 868 0 0 1971 0 0 0 0 465
0 0 0 0 0 0 0 0 0 0 0 0 0 0 0 0 0 0 0 0 0 0 0 0 0 0 0 0 0 0 0 0 0 0 0 0 0 0 0 0 0 0 0 0 0 0 0 0 0 0 0 0 0 0 0 0 0 0 0 0 0 0 0 0 0 0 0
0 0 0 0 0 0 0 0 0 0 0 0 0 0 0 0 0 0 0 0 0 0 0 0 0 0 0 0 0 0 0 0 0 0 0 0 0 0 0 0 0 0 0 0 0 0 0 0 0 0 0 0 0 0 0 0 0 0 0 0 0 0 0 0 0 0 0
0 0 0 0 0 0 0 0 0 0 0 0 0 0 0 0 0 0 0 0 0 0 0 0 0 0 0 0 0 0 0 0 0 0 0 0 0 0 0 0 0 0 0 0 0 0 0 0 0 0 0 0 0 0 0 0 0 0 0 0 0 0 0 0 0 0 0
0 0 0 0 0 0 0 0 0 0 0 0 0 0 0 0 0 0 0 0 0 0 0 0 0 0 0 0 0 0 0 0 0 0 0 0 0 0 0 0 0 0 0 0 0 0 0 0 0 0 0 0 0 0 0 0 0 0 0 0 0 0 0 0 0 0 0
1785 0 436 2279 1904 1560 0 3829 0 0 0 0 0 4288 0 5600 2075 0 851 0 0 0 290 0 215 0 0 0 0 0 0 894 0 0 0 480 1014 0 2066 211 262 251 310 2765 0 0 4813 0 0 1089 0 342 377 0 0 0 0 0 681 0 0 1235 0 0 0 0 845
2207 0 528 1504 751 2354 0 13156 0 0 0 0 4288 0 0 5117 20004 0 1104 0 0 0 749 0 472 0 0 0 0 0 0 1252 0 0 0 190 732 0 1236 245 266 137 353 793 0 0 451 0 0 862 0 215 174 0 0 0 0 0 846 0 0 1783 0 0 0 0 551
0 0 0 0 0 0 0 0 0 0 0 0 0 0 0 0 0 0 0 0 0 0 0 0 0 0 0 0 0 0 0 0 0 0 0 0 0 0 0 0 0 0 0 0 0 0 0 0 0 0 0 0 0 0 0 0 0 0 0 0 0 0 0 0 0 0 0
1847 0 576 2350 1205 1224 0 1757 0 0 0 0 5600 5117 0 0 7883 0 3159 0 0 0 689 0 469 0 0 0 0 0 0 1749 0 0 0 361 908 0 1948 312 310 299 432 1281 0 0 4340 0 0 6092 0 783 805 0 0 0 0 0 1288 0 0 2191 0 0 0 0 1534
2958 0 808 2124 947 2620 0 5229 0 0 0 0 2075 20004 0 7883 0 0 7203 0 0 0 13163 0 2391 0 0 0 0 0 0 3724 0 0 0 289 868 0 1907 251 302 230 333 1078 0 0 531 0 0 2201 0 444 486 0 0 0 0 0 1932 0 0 4505 0 0 0 0 1960
0 0 0 0 0 0 0 0 0 0 0 0 0 0 0 0 0 0 0 0 0 0 0 0 0 0 0 0 0 0 0 0 0 0 0 0 0 0 0 0 0 0 0 0 0 0 0 0 0 0 0 0 0 0 0 0 0 0 0 0 0 0 0 0 0 0 0
1195 0 293 1321 639 731 0 875 0 0 0 0 851 1104 0 3159 7203 0 0 0 0 0 1303 0 624 0 0 0 0 0 0 4391 0 0 0 218 291 0 796 97 119 138 134 415 0 0 299 0 0 3269 0 324 543 0 0 0 0 0 960 0 0 1854 0 0 0 0 1119
0 0 0 0 0 0 0 0 0 0 0 0 0 0 0 0 0 0 0 0 0 0 0 0 0 0 0 0 0 0 0 0 0 0 0 0 0 0 0 0 0 0 0 0 0 0 0 0 0 0 0 0 0 0 0 0 0 0 0 0 0 0 0 0 0 0 0
0 0 0 0 0 0 0 0 0 0 0 0 0 0 0 0 0 0 0 0 0 0 0 0 0 0 0 0 0 0 0 0 0 0 0 0 0 0 0 0 0 0 0 0 0 0 0 0 0 0 0 0 0 0 0 0 0 0 0 0 0 0 0 0 0 0 0
0 0 0 0 0 0 0 0 0 0 0 0 0 0 0 0 0 0 0 0 0 0 0 0 0 0 0 0 0 0 0 0 0 0 0 0 0 0 0 0 0 0 0 0 0 0 0 0 0 0 0 0 0 0 0 0 0 0 0 0 0 0 0 0 0 0 0
723 0 154 367 149 310 0 515 0 0 0 0 290 749 0 689 13163 0 1303 0 0 0 0 0 9975 0 0 0 0 0 0 3158 0 0 0 76 138 0 308 54 60 53 79 193 0 0 181 0 0 503 0 111 179 0 0 0 0 0 907 0 0 2982 0 0 0 0 664
0 0 0 0 0 0 0 0 0 0 0 0 0 0 0 0 0 0 0 0 0 0 0 0 0 0 0 0 0 0 0 0 0 0 0 0 0 0 0 0 0 0 0 0 0 0 0 0 0 0 0 0 0 0 0 0 0 0 0 0 0 0 0 0 0 0 0
843 0 137 273 117 227 0 352 0 0 0 0 215 472 0 469 2391 0 624 0 0 0 9975 0 0 0 0 0 0 0 0 3614 0 0 0 78 90 0 315 42 28 60 67 160 0 0 230 0 0 456 0 136 283 0 0 0 0 0 529 0 0 25198 0 0 0 0 1708
0 0 0 0 0 0 0 0 0 0 0 0 0 0 0 0 0 0 0 0 0 0 0 0 0 0 0 0 0 0 0 0 0 0 0 0 0 0 0 0 0 0 0 0 0 0 0 0 0 0 0 0 0 0 0 0 0 0 0 0 0 0 0 0 0 0 0
0 0 0 0 0 0 0 0 0 0 0 0 0 0 0 0 0 0 0 0 0 0 0 0 0 0 0 0 0 0 0 0 0 0 0 0 0 0 0 0 0 0 0 0 0 0 0 0 0 0 0 0 0 0 0 0 0 0 0 0 0 0 0 0 0 0 0
0 0 0 0 0 0 0 0 0 0 0 0 0 0 0 0 0 0 0 0 0 0 0 0 0 0 0 0 0 0 0 0 0 0 0 0 0 0 0 0 0 0 0 0 0 0 0 0 0 0 0 0 0 0 0 0 0 0 0 0 0 0 0 0 0 0 0
0 0 0 0 0 0 0 0 0 0 0 0 0 0 0 0 0 0 0 0 0 0 0 0 0 0 0 0 0 0 0 0 0 0 0 0 0 0 0 0 0 0 0 0 0 0 0 0 0 0 0 0 0 0 0 0 0 0 0 0 0 0 0 0 0 0 0
0 0 0 0 0 0 0 0 0 0 0 0 0 0 0 0 0 0 0 0 0 0 0 0 0 0 0 0 0 0 0 0 0 0 0 0 0 0 0 0 0 0 0 0 0 0 0 0 0 0 0 0 0 0 0 0 0 0 0 0 0 0 0 0 0 0 0
0 0 0 0 0 0 0 0 0 0 0 0 0 0 0 0 0 0 0 0 0 0 0 0 0 0 0 0 0 0 0 0 0 0 0 0 0 0 0 0 0 0 0 0 0 0 0 0 0 0 0 0 0 0 0 0 0 0 0 0 0 0 0 0 0 0 0
1957 0 573 1562 583 778 0 1194 0 0 0 0 894 1252 0 1749 3724 0 4391 0 0 0 3158 0 3614 0 0 0 0 0 0 0 0 0 0 494 439 0 1778 288 179 512 218 627 0 0 805 0 0 9267 0 1500 3763 0 0 0 0 0 14751 0 0 16128 0 0 0 0 6247
0 0 0 0 0 0 0 0 0 0 0 0 0 0 0 0 0 0 0 0 0 0 0 0 0 0 0 0 0 0 0 0 0 0 0 0 0 0 0 0 0 0 0 0 0 0 0 0 0 0 0 0 0 0 0 0 0 0 0 0 0 0 0 0 0 0 0
0 0 0 0 0 0 0 0 0 0 0 0 0 0 0 0 0 0 0 0 0 0 0 0 0 0 0 0 0 0 0 0 0 0 0 0 0 0 0 0 0 0 0 0 0 0 0 0 0 0 0 0 0 0 0 0 0 0 0 0 0 0 0 0 0 0 0
0 0 0 0 0 0 0 0 0 0 0 0 0 0 0 0 0 0 0 0 0 0 0 0 0 0 0 0 0 0 0 0 0 0 0 0 0 0 0 0 0 0 0 0 0 0 0 0 0 0 0 0 0 0 0 0 0 0 0 0 0 0 0 0 0 0 0
613 0 438 7931 1582 297 0 280 0 0 0 0 480 190 0 361 289 0 218 0 0 0 76 0 78 0 0 0 0 0 0 494 0 0 0 0 4485 0 3517 122 271 85 190 2152 0 0 191 0 0 352 0 65 58 0 0 0 0 0 226 0 0 218 0 0 0 0 173
1107 0 348 2199 776 629 0 771 0 0 0 0 1014 732 0 908 868 0 291 0 0 0 138 0 90 0 0 0 0 0 0 439 0 0 0 4485 0 0 8023 1937 3473 533 1314 6225 0 0 697 0 0 675 0 351 227 0 0 0 0 0 344 0 0 717 0 0 0 0 454
0 0 0 0 0 0 0 0 0 0 0 0 0 0 0 0 0 0 0 0 0 0 0 0 0 0 0 0 0 0 0 0 0 0 0 0 0 0 0 0 0 0 0 0 0 0 0 0 0 0 0 0 0 0 0 0 0 0 0 0 0 0 0 0 0 0 0
25310 0 1212 13138 955 1212 0 1273 0 0 0 0 2066 1236 0 1948 1907 0 796 0 0 0 308 0 315 0 0 0 0 0 0 1778 0 0 0 3517 8023 0 0 10035 4040 2504 1469 6064 0 0 1694 0 0 2745 0 1338 667 0 0 0 0 0 2145 0 0 2391 0 0 0 0 1930
274 0 60 336 107 148 0 229 0 0 0 0 211 245 0 312 251 0 97 0 0 0 54 0 42 0 0 0 0 0 0 288 0 0 0 122 1937 0 10035 0 5597 5656 1018 572 0 0 250 0 0 823 0 719 223 0 0 0 0 0 251 0 0 465 0 0 0 0 395
233 0 103 550 186 203 0 292 0 0 0 0 262 266 0 310 302 0 119 0 0 0 60 0 28 0 0 0 0 0 0 179 0 0 0 271 3473 0 4040 5597 0 1545 2339 955 0 0 309 0 0 438 0 486 184 0 0 0 0 0 215 0 0 182 0 0 0 0 240
207 0 73 249 98 130 0 121 0 0 0 0 251 137 0 299 230 0 138 0 0 0 53 0 60 0 0 0 0 0 0 512 0 0 0 85 533 0 2504 5656 1545 0 3384 664 0 0 392 0 0 1398 0 5342 391 0 0 0 0 0 372 0 0 478 0 0 0 0 541
324 0 138 459 162 183 0 346 0 0 0 0 310 353 0 432 333 0 134 0 0 0 79 0 67 0 0 0 0 0 0 218 0 0 0 190 1314 0 1469 1018 2339 3384 0 3024 0 0 1167 0 0 622 0 1570 236 0 0 0 0 0 181 0 0 264 0 0 0 0 316
1324 0 413 2165 1681 1083 0 994 0 0 0 0 2765 793 0 1281 1078 0 415 0 0 0 193 0 160 0 0 0 0 0 0 627 0 0 0 2152 6225 0 6064 572 955 664 3024 0 0 0 6932 0 0 977 0 522 221 0 0 0 0 0 514 0 0 1043 0 0 0 0 472
0 0 0 0 0 0 0 0 0 0 0 0 0 0 0 0 0 0 0 0 0 0 0 0 0 0 0 0 0 0 0 0 0 0 0 0 0 0 0 0 0 0 0 0 0 0 0 0 0 0 0 0 0 0 0 0 0 0 0 0 0 0 0 0 0 0 0
0 0 0 0 0 0 0 0 0 0 0 0 0 0 0 0 0 0 0 0 0 0 0 0 0 0 0 0 0 0 0 0 0 0 0 0 0 0 0 0 0 0 0 0 0 0 0 0 0 0 0 0 0 0 0 0 0 0 0 0 0 0 0 0 0 0 0
675 0 187 602 218 318 0 411 0 0 0 0 4813 451 0 4340 531 0 299 0 0 0 181 0 230 0 0 0 0 0 0 805 0 0 0 191 697 0 1694 250 309 392 1167 6932 0 0 0 0 0 6209 0 3521 444 0 0 0 0 0 598 0 0 695 0 0 0 0 786
0 0 0 0 0 0 0 0 0 0 0 0 0 0 0 0 0 0 0 0 0 0 0 0 0 0 0 0 0 0 0 0 0 0 0 0 0 0 0 0 0 0 0 0 0 0 0 0 0 0 0 0 0 0 0 0 0 0 0 0 0 0 0 0 0 0 0
0 0 0 0 0 0 0 0 0 0 0 0 0 0 0 0 0 0 0 0 0 0 0 0 0 0 0 0 0 0 0 0 0 0 0 0 0 0 0 0 0 0 0 0 0 0 0 0 0 0 0 0 0 0 0 0 0 0 0 0 0 0 0 0 0 0 0
962 0 274 805 418 525 0 654 0 0 0 0 1089 862 0 6092 2201 0 3269 0 0 0 503 0 456 0 0 0 0 0 0 9267 0 0 0 352 675 0 2745 823 438 1398 622 977 0 0 6209 0 0 0 0 11258 9501 0 0 0 0 0 6394 0 0 3867 0 0 0 0 3377
0 0 0 0 0 0 0 0 0 0 0 0 0 0 0 0 0 0 0 0 0 0 0 0 0 0 0 0 0 0 0 0 0 0 0 0 0 0 0 0 0 0 0 0 0 0 0 0 0 0 0 0 0 0 0 0 0 0 0 0 0 0 0 0 0 0 0
237 0 81 263 154 153 0 178 0 0 0 0 342 215 0 783 444 0 324 0 0 0 111 0 136 0 0 0 0 0 0 1500 0 0 0 65 351 0 1338 719 486 5342 1570 522 0 0 3521 0 0 11258 0 0 6170 0 0 0 0 0 1431 0 0 896 0 0 0 0 1012
185 0 1035 128 117 141 0 149 0 0 0 0 377 174 0 805 486 0 543 0 0 0 179 0 283 0 0 0 0 0 0 3763 0 0 0 58 227 0 667 223 184 391 236 221 0 0 444 0 0 9501 0 6170 0 0 0 0 0 0 9977 0 0 936 0 0 0 0 2937
0 0 0 0 0 0 0 0 0 0 0 0 0 0 0 0 0 0 0 0 0 0 0 0 0 0 0 0 0 0 0 0 0 0 0 0 0 0 0 0 0 0 0 0 0 0 0 0 0 0 0 0 0 0 0 0 0 0 0 0 0 0 0 0 0 0 0
0 0 0 0 0 0 0 0 0 0 0 0 0 0 0 0 0 0 0 0 0 0 0 0 0 0 0 0 0 0 0 0 0 0 0 0 0 0 0 0 0 0 0 0 0 0 0 0 0 0 0 0 0 0 0 0 0 0 0 0 0 0 0 0 0 0 0
0 0 0 0 0 0 0 0 0 0 0 0 0 0 0 0 0 0 0 0 0 0 0 0 0 0 0 0 0 0 0 0 0 0 0 0 0 0 0 0 0 0 0 0 0 0 0 0 0 0 0 0 0 0 0 0 0 0 0 0 0 0 0 0 0 0 0
0 0 0 0 0 0 0 0 0 0 0 0 0 0 0 0 0 0 0 0 0 0 0 0 0 0 0 0 0 0 0 0 0 0 0 0 0 0 0 0 0 0 0 0 0 0 0 0 0 0 0 0 0 0 0 0 0 0 0 0 0 0 0 0 0 0 0
0 0 0 0 0 0 0 0 0 0 0 0 0 0 0 0 0 0 0 0 0 0 0 0 0 0 0 0 0 0 0 0 0 0 0 0 0 0 0 0 0 0 0 0 0 0 0 0 0 0 0 0 0 0 0 0 0 0 0 0 0 0 0 0 0 0 0
1153 0 447 1146 347 577 0 868 0 0 0 0 681 846 0 1288 1932 0 960 0 0 0 907 0 529 0 0 0 0 0 0 14751 0 0 0 226 344 0 2145 251 215 372 181 514 0 0 598 0 0 6394 0 1431 9977 0 0 0 0 0 0 0 0 6221 0 0 0 0 15040
0 0 0 0 0 0 0 0 0 0 0 0 0 0 0 0 0 0 0 0 0 0 0 0 0 0 0 0 0 0 0 0 0 0 0 0 0 0 0 0 0 0 0 0 0 0 0 0 0 0 0 0 0 0 0 0 0 0 0 0 0 0 0 0 0 0 0
0 0 0 0 0 0 0 0 0 0 0 0 0 0 0 0 0 0 0 0 0 0 0 0 0 0 0 0 0 0 0 0 0 0 0 0 0 0 0 0 0 0 0 0 0 0 0 0 0 0 0 0 0 0 0 0 0 0 0 0 0 0 0 0 0 0 0
4967 0 575 1715 735 1188 0 1971 0 0 0 0 1235 1783 0 2191 4505 0 1854 0 0 0 2982 0 25198 0 0 0 0 0 0 16128 0 0 0 218 717 0 2391 465 182 478 264 1043 0 0 695 0 0 3867 0 896 936 0 0 0 0 0 6221 0 0 0 0 0 0 0 38490
0 0 0 0 0 0 0 0 0 0 0 0 0 0 0 0 0 0 0 0 0 0 0 0 0 0 0 0 0 0 0 0 0 0 0 0 0 0 0 0 0 0 0 0 0 0 0 0 0 0 0 0 0 0 0 0 0 0 0 0 0 0 0 0 0 0 0
0 0 0 0 0 0 0 0 0 0 0 0 0 0 0 0 0 0 0 0 0 0 0 0 0 0 0 0 0 0 0 0 0 0 0 0 0 0 0 0 0 0 0 0 0 0 0 0 0 0 0 0 0 0 0 0 0 0 0 0 0 0 0 0 0 0 0
0 0 0 0 0 0 0 0 0 0 0 0 0 0 0 0 0 0 0 0 0 0 0 0 0 0 0 0 0 0 0 0 0 0 0 0 0 0 0 0 0 0 0 0 0 0 0 0 0 0 0 0 0 0 0 0 0 0 0 0 0 0 0 0 0 0 0
0 0 0 0 0 0 0 0 0 0 0 0 0 0 0 0 0 0 0 0 0 0 0 0 0 0 0 0 0 0 0 0 0 0 0 0 0 0 0 0 0 0 0 0 0 0 0 0 0 0 0 0 0 0 0 0 0 0 0 0 0 0 0 0 0 0 0
1314 0 271 812 310 503 0 465 0 0 0 0 845 551 0 1534 1960 0 1119 0 0 0 664 0 1708 0 0 0 0 0 0 6247 0 0 0 173 454 0 1930 395 240 541 316 472 0 0 786 0 0 3377 0 1012 2937 0 0 0 0 0 15040 0 0 38490 0 0 0 0 0
